415 453.875736687
236 456.550184228
362 457.9622991
435 447.960804951
239 462.057819878
443 462.973038546
506 442.974506766
381 437.255596527
425 422.18925995
153 453.894609324
247 461.907353783
171 466.241771629
254 446.017808733
210 452.914892761
258 449.827402084
253 465.333941466
259 444.675049147
396 454.165872176
627 465.484970887
627 443.381984762
305 457.293830878
692 451.834865555
251 478.655814847
399 441.316599498
422 459.122314574
257 444.205456439
267 427.560665719
408 451.032994826
355 435.492900464
234 447.287922944
279 466.632928289
448 464.226852929
334 440.28457234
330 429.387414933
258 448.479781036
329 422.360225675
184 469.570327284
270 451.870784542
443 455.909634042
582 449.922407032
414 463.263556418
234 454.901859213
273 468.234248211
475 448.560075916
360 441.562118829
414 470.135023207
353 439.497161151
234 466.440951732
524 445.203858069
149 456.409989284
368 464.681494552
322 436.122383448
234 452.926476879
293 435.480186887
319 445.457585522
326 463.226994435
297 442.671518889
221 453.157130448
252 452.846460157
473 461.077689523
364 467.628630629
438 436.023355396
342 436.179009869
354 425.125105724
266 426.47637128
213 448.022282497
197 436.597628453
248 449.278708281
324 432.107947927
559 454.475161854
374 425.022329974
156 444.245166561
367 436.445129885
253 426.569326125
278 461.4678574
351 441.641821894
261 431.671443341
199 419.23772951
682 435.079834806
250 413.188314917
634 444.132961611
394 443.547102237
527 425.99631121
248 427.529553587
257 444.976541957
385 429.976733576
177 390.239825497
163 414.70586446
284 444.610591832
224 419.52549143
282 418.624271587
446 436.887247243
237 436.0300738
290 448.026795407
438 464.854654742
286 441.029713542
332 450.170020412
276 417.8619848
341 414.145947686
376 436.613316527
641 436.325177001
322 442.428352406
219 444.209199454
537 426.64872531
561 424.065579512
255 434.775717871
319 440.539032399
355 440.772742993
443 467.570480995
430 432.342379505
497 444.145894886
423 446.462418091
276 439.239360159
367 440.83032502
553 416.015563946
515 456.944242742
236 464.515695529
428 436.61614213
