415 -10.021054205
236 -19.7158268
362 -25.041167889
435 1.480201491
239 -16.718969467
443 -28.587205419
506 13.022321371
381 25.633025121
425 47.444629034
153 -13.433667335
247 -23.81917395
171 -33.469180067
254 -7.31577969599999
210 -5.135853231
258 6.59445797599994
253 -35.844397615
259 15.518356082
396 -12.768630525
627 -27.580873049
627 13.371934076
305 -18.664909276
692 -7.77083433900003
251 -51.933797502
399 13.88724862
422 -19.853865548
257 3.514902103
267 39.175137107
408 0.46550771699998
355 30.63300591
234 11.060449684
279 -31.369791705
448 -16.791819245
334 27.726949031
330 32.11951739
258 -10.174520568
329 47.184299353
184 -47.4186254419999
270 -9.93600447900002
443 -2.351514909
582 3.76343515099995
414 -33.750323508
234 -18.298710741
273 -27.535081653
475 1.63091501599996
360 26.886589272
414 -38.616857009
353 26.052168869
234 -28.327960761
524 8.55355982900005
149 -17.600154905
368 -33.887245641
322 31.324937011
234 5.92067980299998
293 31.777098699
319 0.503855574999989
326 -15.127809153
297 -4.36684160199997
221 9.06821462599999
252 10.762413503
473 12.900912342
364 31.702404368
438 -12.748984878
342 -17.135344378
354 -19.686359595
266 17.119990296
213 9.97527088999999
197 -27.613431241
248 5.24177790699997
324 -28.405430867
559 20.797355925
374 -44.031111452
156 13.450389128
367 -13.3847470440001
253 -37.310418391
278 29.684211787
351 -9.05634676600005
261 -35.102159441
199 -34.039966358
682 -20.910974941
250 -5.84061172499997
634 -0.241200525000011
394 10.931100429
527 -50.302310221
248 -44.876689698
257 -1.94588665600003
385 -13.662760944
177 -18.246739963
163 -40.982037628
284 -4.28030448199996
224 -0.97583354599999
282 -45.014214235
446 -14.583917049
237 -26.934778545
290 7.543658005
438 35.851736639
286 11.79120768
332 9.42746369899999
276 -43.799351587
341 -23.204356971
376 0.0224904259999903
641 -19.1145782
322 -8.86475449800002
219 17.428880873
537 -33.752451838
561 -35.289948558
255 -20.756420436
319 -11.433535531
355 -12.607421465
443 47.448627083
430 -28.761957224
497 -17.887310952
423 1.26472500800003
276 -10.668803221
367 7.08847232699998
553 -4.35857091100002
515 12.915526374
236 26.667530695
428 -4.628387379
