415 5.74276524465
236 -7.4912336276
362 -6.50521454835
435 1.25237226998
239 -19.56875943
443 3.36317963926
506 16.9733122532
381 -7.19300227824
425 3.18141162716
153 -16.8602040551
247 12.5395940639
171 6.56290639373
254 2.72851392581
210 0.473871686445
258 17.9775849333
253 8.04406672477
259 9.00904014471
396 -26.1434210111
627 -2.70247825133
627 -1.74478060716
305 6.76361732714
692 11.4775553589
251 5.56620956315
399 -12.4727979193
422 -5.88635994762
257 3.8365710325
267 -4.4642266882
408 -21.0293199804
355 -3.57903824032
234 -6.89766707957
279 8.40444047229
448 -16.8591263868
334 6.23022506067
330 -6.20049765564
258 -13.0229032754
329 -12.7224020608
184 1.04483985451
270 4.40194775711
443 12.3009078888
582 -9.30228971414
414 -5.00958843624
234 0.371197061471
273 16.485569968
475 -1.98107369832
360 9.38592960007
414 4.64322442974
353 3.65489927672
234 -12.8216010585
524 -5.68333873383
149 -5.79420181186
368 14.2185817513
322 -2.47551788106
234 -6.45497452459
293 -5.18515195847
319 -0.940719928822
326 -15.9176475316
297 -2.98270911988
221 -9.88089662652
252 19.6119126521
473 -3.29114888565
364 -5.21419544328
438 -15.1782494285
342 -9.24212475681
354 -3.55581128903
266 -12.289322224
213 -15.1623614331
197 6.64223252409
248 16.4384983052
324 -6.54964046116
559 -6.00445129761
374 4.12773429274
156 -26.4570337968
367 -15.3123387239
253 12.0127994499
278 -2.17664366331
351 -1.37748067218
261 2.80258207551
199 -8.35605576062
682 -8.04868343042
250 -17.7475954422
634 -6.38333718756
394 0.634832186441
527 2.07129625998
248 11.4991497431
257 -6.74401308803
385 4.67226916449
177 13.3125752098
163 4.06064804312
284 6.0636864363
224 5.78169640786
282 -13.3250533507
446 -11.8057733346
237 -3.24073999687
290 -10.0084432486
438 -15.4693786197
286 -26.3359924956
332 -5.00019952478
276 -5.85949682678
341 -2.87535217349
376 0.994980241787
641 6.52810646025
322 -19.0553008588
219 -14.9319443942
537 12.7181609551
561 -0.928305464983
255 22.2518320256
319 -6.48148576028
355 13.7393828104
443 -18.3905660575
430 1.99899682581
497 9.680429799
423 11.7936838255
276 -15.3085655439
367 -7.00135419843
553 -1.19408349576
515 11.776094056
236 -9.65633430839
428 -1.86589745926
