415 177.941289273
236 197.250623049
362 197.538757149
435 169.6190448
239 195.969158173
443 202.882373504
506 143.709371798
381 162.179024172
425 128.593568136
153 190.954876437
247 194.420634518
171 192.457505405
254 184.138595932
210 181.403996147
258 149.741132764
253 191.448804139
259 147.661678502
396 197.902659442
627 204.614261025
627 161.858452105
305 176.610184385
692 180.037185601
251 213.126502684
399 170.23069465
422 192.5326017
257 174.303116718
267 141.905694009
408 181.206248619
355 142.591771769
234 150.407399862
279 194.788495558
448 194.621343261
334 148.822734608
330 154.072578028
258 186.236837214
329 140.279958685
184 211.151321451
270 183.950120938
443 177.335345871
582 187.132495206
414 215.937553635
234 181.457244222
273 201.039375193
475 170.619286021
360 145.575218437
414 208.439909949
353 147.759424697
234 200.89671922
524 168.125634475
149 191.178566448
368 203.639671141
322 142.854030415
234 174.650356564
293 142.836819733
319 165.957570941
326 203.231004853
297 180.020848892
221 169.503228889
252 153.911858972
473 182.225302067
364 146.012097506
438 191.257411215
342 189.326825252
354 189.978078184
266 164.66985444
213 171.662864385
197 194.013304435
248 162.960261274
324 208.277365482
559 156.751513242
374 230.36996213
156 181.445195073
367 191.24145586
253 200.073452196
278 147.125085127
351 184.257336336
261 200.575148775
199 205.823188433
682 202.957198707
250 186.176966624
634 181.450383666
394 157.144616506
527 201.039210324
248 210.330442167
257 171.002269179
385 187.675690141
177 173.061058486
163 211.500256424
284 196.196508475
224 166.115985149
282 211.549901057
446 202.132789378
237 210.128238172
290 167.059522802
438 148.47237687
286 174.828858852
332 153.913667285
276 223.194731795
341 206.181582888
376 160.531934777
641 188.430609183
322 196.825660717
219 158.866603452
537 197.960876394
561 199.615114461
255 187.58405136
319 190.225236827
355 181.787955736
443 144.002549827
430 207.928030794
497 202.505732674
423 160.219625204
276 195.650750757
367 164.248747471
553 177.682668609
515 161.49201779
236 157.034128597
428 174.321976006
