415 192.079764932
236 182.465203752
362 187.502410739
435 188.900753709
239 180.749811294
443 185.704831915
506 203.268306832
381 172.187950707
425 183.96180283
153 182.478790897
247 189.398539432
171 201.011674662
254 183.177183764
210 183.731857083
258 203.664409259
253 204.395593476
259 196.819965416
396 174.865971082
627 182.966612024
627 184.769613819
305 202.054724892
692 187.733648738
251 198.807294818
399 175.88205673
422 187.321263849
257 182.181981178
267 178.919168884
408 178.328243664
355 186.775222321
234 198.532150453
279 196.581296146
448 182.170475984
334 183.450316361
330 173.807904582
258 183.937683354
329 172.535741962
184 196.267303991
270 185.985883541
443 185.016169038
582 169.104069643
414 177.812769873
234 196.841466519
273 186.49570646
475 187.749798963
360 187.538192291
414 190.17694706
353 186.188406435
234 187.431241542
524 183.320805696
149 186.421588456
368 190.2475745
322 185.821032574
234 179.428963633
293 185.386081568
319 193.538573484
326 171.8968043
297 184.34599271
221 181.428556485
252 195.325727525
473 164.873785592
364 182.285498126
438 181.491573664
342 187.808519126
354 189.70828141
266 178.210155264
213 178.361864725
197 193.600126806
248 191.797960818
324 180.128065385
559 182.451130832
374 173.661149322
156 165.104415798
367 182.143291184
253 197.236966196
278 183.190703086
351 184.79901043
261 194.527010667
199 188.216777925
682 177.953776234
250 179.663645101
634 178.790816858
394 191.924283066
527 209.263099897
248 194.546247532
257 190.943617477
385 185.987070803
177 205.185681478
163 189.481781205
284 168.083796008
224 194.859848397
282 193.464313178
446 172.451127671
237 176.806540373
290 185.396819194
438 175.675886491
286 173.379933467
332 196.658869016
276 180.604619792
341 177.022774083
376 199.445574798
641 190.683969016
322 172.039093782
219 183.704515674
537 195.791575444
561 195.674834097
255 193.172369077
319 181.208298704
355 190.819465729
443 168.548823089
430 180.833926431
497 175.381578278
423 198.515649788
276 175.018052463
367 188.662780202
553 186.675902302
515 185.592455835
236 176.298340708
428 190.306411372
