416 0.535673
237 1.81126
363 1.29784
436 0.459473
240 1.293
444 -0.789621
507 -0.579288
382 -0.031668
426 1.386
154 2.02907
248 0.308053
172 -0.225087
255 1.17344
211 -0.231432
259 0.863893
254 0.693564
260 0.442842
397 -1.06801
628 -0.392934
628 0.138839
306 1.01218
693 0.629867
252 0.125987
400 1.57794
423 1.30393
258 0.113962
268 -0.445665
409 -0.773956
356 0.202299
235 1.54697
280 0.599621
449 -0.605076
335 -1.6224
331 -0.921742
259 1.73819
330 -0.521038
185 1.2064
271 -0.65875
444 0.454702
583 1.72493
415 1.69156
235 1.35469
274 0.129372
476 1.56007
361 0.40455
415 0.36453
354 0.256074
235 2.49747
525 1.15005
150 0.109256
369 1.72637
323 -0.51234
235 0.406348
294 -0.0496279
320 1.92242
327 -0.316393
298 -2.5848e-05
222 -0.28116
253 0.297115
474 0.337952
365 -0.645173
439 0.856729
343 -0.927205
355 1.77297
267 -0.490353
214 0.906207
198 -1.50098
249 -1.08689
325 -1.66714
560 0.036334
375 -0.139542
157 0.307313
368 -0.467134
254 0.731713
279 -0.892777
352 0.221586
262 1.52188
200 2.23864
683 -0.973212
251 -0.669287
635 0.0579065
395 0.214796
528 -0.207498
249 -1.06288
258 -0.328388
386 -1.33321
178 0.4177
164 -1.00492
285 -0.375507
225 0.364438
283 -0.715658
447 0.10355
238 0.723311
291 -1.06036
439 -0.837073
287 -0.38282
333 -0.213836
277 -0.120686
342 0.800358
377 0.455574
642 -1.06933
323 0.922558
220 -0.291793
538 1.05403
562 -1.19055
256 1.09759
320 0.936791
356 -0.30959
444 1.4727
431 1.24072
498 1.05659
424 1.18143
277 -1.40568
368 1.02471
554 0.320904
516 -1.10491
237 0.70202
429 -0.204259
