416 -0.204549
237 -1.37477
363 -0.7669
436 0.0906303
240 -0.61781
444 1.84393
507 0.888245
382 2.01768
426 0.0544734
154 -0.144026
248 -0.414162
172 1.08288
255 0.898004
211 0.321369
259 -1.06664
254 1.14336
260 0.574114
397 1.34245
628 0.520249
628 0.400861
306 0.623307
693 0.00764318
252 0.418765
400 -1.03672
423 0.846328
258 0.561329
268 0.783713
409 2.5722
356 1.05789
235 0.233526
280 0.449526
449 -0.668152
335 2.008
331 1.75212
259 -1.15439
330 2.04882
185 0.441257
271 0.655464
444 -0.40768
583 -1.74237
415 -0.257376
235 0.0323211
274 0.136236
476 -1.33026
361 -0.297242
415 0.797193
354 0.832402
235 -1.40925
525 -0.473086
150 0.779218
369 -0.813585
323 2.30683
235 1.17658
294 0.0407388
320 -0.350395
327 1.26125
298 1.28584
222 1.48474
253 -0.105149
474 -0.758324
365 -1.23104
439 -1.22128
343 0.0820115
355 -0.432011
267 0.721684
214 0.467994
198 0.812458
249 1.81357
325 1.66856
560 -0.57177
375 -0.816648
157 1.19871
368 -0.622976
254 -0.377414
279 -0.637098
352 0.895451
262 -2.16288
200 -0.114178
683 -0.755514
251 0.487446
635 0.279824
395 -1.66853
528 0.222389
249 1.58129
258 -1.25323
386 2.32111
178 -0.147984
164 1.72391
285 -0.720079
225 0.593528
283 0.191592
447 -1.11368
238 1.10692
291 0.195375
439 0.108925
287 1.81546
333 1.06555
277 -0.0584959
342 0.668038
377 -1.3309
642 1.23323
323 0.72032
220 1.16086
538 -0.10963
562 0.908437
256 -1.82206
320 -1.27353
356 -0.334767
444 -0.72716
431 -1.72414
498 -1.43456
424 -2.3156
277 1.54514
368 -2.01279
554 -0.417875
516 0.967398
237 -2.10563
429 0.773462
