416 -0.363204
237 -1.84358
363 0.283476
436 -0.0828989
240 -0.852435
444 1.17985
507 1.50494
382 0.294536
426 -1.91371
154 -1.84123
248 0.718066
172 2.09154
255 0.277495
211 0.96961
259 0.0948126
254 -0.0807218
260 -1.89975
397 0.792359
628 0.720903
628 -0.32418
306 0.285233
693 0.561093
252 -0.0053714
400 -1.32431
423 -0.800546
258 -0.257681
268 1.21814
409 1.47019
356 -0.569406
235 -1.04451
280 0.351376
449 0.733786
335 2.04159
331 2.19221
259 -1.13155
330 1.23182
185 -1.22974
271 0.466256
444 0.0371889
583 -1.90723
415 -1.56894
235 0.122025
274 0.120261
476 -2.00057
361 0.0955782
415 -0.349221
354 -1.09468
235 -1.29621
525 -0.659031
150 0.644438
369 -2.33252
323 -0.485138
235 0.570331
294 0.235823
320 -1.58555
327 -0.694502
298 0.123828
222 0.00502115
253 1.15242
474 -0.570698
365 -0.47802
439 -0.469882
343 1.23352
355 -1.69242
267 0.528861
214 -0.841322
198 3.07671
249 1.70273
325 1.36194
560 -0.346186
375 0.559146
157 -0.510083
368 1.262
254 -2.15757
279 1.20774
352 -1.17466
262 0.151586
200 -1.08474
683 0.809067
251 0.308903
635 -0.406644
395 0.963512
528 0.487694
249 1.36625
258 0.581647
386 3.30985
178 -0.626517
164 0.851701
285 0.540758
225 -0.917262
283 0.970016
447 0.170886
238 -1.36692
291 1.94817
439 1.0432
287 0.310403
333 -0.700592
277 1.43037
342 1.13337
377 0.129132
642 0.502
323 -1.53704
220 0.87631
538 -0.382861
562 2.04658
256 -0.212512
320 -0.438125
356 -0.169384
444 -1.01592
431 -1.29022
498 -0.599166
424 -0.762403
277 1.22677
368 -0.745129
554 0.244367
516 2.05658
237 -0.578221
429 0.991863
