416 0.165562
237 0.218246
363 0.265468
436 0.275052
240 0.337593
444 0.527154
507 0.154478
382 0.993006
426 0.720236
154 0.942524
248 -0.0530546
172 0.428895
255 1.03572
211 0.0449685
259 -0.101371
254 0.918461
260 0.508478
397 0.13722
628 0.0636576
628 0.26985
306 0.817741
693 0.318755
252 0.272376
400 0.270613
423 1.07513
258 0.337645
268 0.169024
409 0.899122
356 0.630094
235 0.890249
280 0.524574
449 -0.636614
335 0.192799
331 0.415191
259 0.2919
330 0.763893
185 0.823827
271 -0.00164293
444 0.023511
583 -0.00871917
415 0.717091
235 0.693504
274 0.132804
476 0.114906
361 0.0536539
415 0.580861
354 0.544238
235 0.544108
525 0.33848
150 0.444237
369 0.456394
323 0.897244
235 0.791466
294 -0.00444459
320 0.78601
327 0.47243
298 0.642906
222 0.601788
253 0.0959834
474 -0.210186
365 -0.938107
439 -0.182275
343 -0.422597
355 0.670481
267 0.115666
214 0.687101
198 -0.34426
249 0.363341
325 0.000711812
560 -0.267718
375 -0.478095
157 0.753013
368 -0.545055
254 0.177149
279 -0.764937
352 0.558519
262 -0.320502
200 1.06223
683 -0.864363
251 -0.0909208
635 0.168865
395 -0.726866
528 0.00744527
249 0.259205
258 -0.790807
386 0.49395
178 0.134858
164 0.359497
285 -0.547793
225 0.478983
283 -0.262033
447 -0.505064
238 0.915117
291 -0.432492
439 -0.364074
287 0.716318
333 0.425859
277 -0.0895909
342 0.734198
377 -0.437661
642 0.0819526
323 0.821439
220 0.434532
538 0.472202
562 -0.141055
256 -0.362236
320 -0.168372
356 -0.322178
444 0.37277
431 -0.241711
498 -0.188982
424 -0.567083
277 0.06973
368 -0.494039
554 -0.0484855
516 -0.0687576
237 -0.701806
429 0.284601
